1.png	7	0.3779342723004700	0.7413606911447080	0.13145539906103300	0.44168466522678200
10.png	7	0.21261378413524100	0.7862244897959180	0.11573472041612500	0.39081632653061200
100.png	7	0.4159613059250300	0.8008607198748040	0.12575574365175300	0.33724569640062600
101.png	7	0.06758304696449030	0.8111370716510900	0.09965635738831620	0.3543613707165110
102.png	7	0.25992685475444100	0.7636518771331060	0.15830721003134800	0.45733788395904400
103.png	7	0.27258663366336600	0.7534456355283310	0.09591584158415840	0.23124042879019900
105.png	7	0.2540983606557380	0.751675041876047	0.23497267759562800	0.4631490787269680
107.png	7	0.24849094567404400	0.8135792778649920	0.23340040241448700	0.3445839874411300
109.jpg	7	0.42782473309608500	0.6841721371261850	0.0976423487544484	0.43544857768052500
110.jpg	7	0.5188603531300160	0.6319444444444440	0.03089887640449440	0.12367724867724900
111.jpg	7	0.786328125	0.6964892412231030	0.07109375	0.34428086070215200
112.jpg	7	0.76015625	0.7118544600938970	0.1390625	0.3884976525821600
114.jpg	7	0.48723958333333300	0.7489583333333330	0.12291666666666700	0.06041666666666670
114.jpg	7	0.5674479166666670	0.8111979166666670	0.0375	0.06996527777777780
115.jpg	7	0.5899923896499240	0.7472956730769230	0.07039573820395740	0.2704326923076920
117.jpg	7	0.4175779114270090	0.7037538350478250	0.21131765992345500	0.4134632737772970
118.jpg	7	0.8961679891619900	0.655732946298984	0.07412425004838400	0.2931785195936140
119.jpg	7	0.5103159252095420	0.6435388186742330	0.4049000644745330	0.189321640443642
12.png	7	0.4055059523809520	0.7391752577319590	0.12946428571428600	0.43917525773195900
120.jpg	7	0.39478619654913700	0.6716686674669870	0.06864216054013500	0.08403361344537820
122.jpg	7	0.7649107531562910	0.7222222222222220	0.048759251197213800	0.08951584813653780
122.jpg	7	0.22311710927296500	0.3824451410658310	0.027427078798432700	0.05851619644723090
123.jpg	7	0.41818181818181800	0.6967684816290390	0.05031133250311330	0.22310756972111600
124.jpg	7	0.3872058087130700	0.5356030262572320	0.05683525287931900	0.21584334668446800
126.jpg	7	0.56312375249501	0.7662971175166300	0.046906187624750500	0.22261640798226200
127.jpg	7	0.6793619791666670	0.7022569444444440	0.03233506944444450	0.1255787037037040
128.jpg	7	0.27719907407407400	0.6433738425925930	0.07291666666666670	0.30005787037037000
13.png	7	0.5325144508670520	0.6433982683982680	0.10549132947976900	0.3971861471861470
16.png	7	0.5398199445983380	0.6823725055432370	0.11842105263157900	0.46452328159645200
18.png	7	0.6023131672597870	0.7572525597269630	0.32562277580071200	0.38139931740614300
19.png	7	0.8778698979591840	0.7453596287703020	0.06696428571428570	0.41647331786542900
2.png	7	0.6038696537678210	0.8328516377649330	0.1364562118126270	0.31888246628131000
20.png	7	0.36909871244635200	0.743298969072165	0.11015736766809700	0.43711340206185600
21.png	7	0.2044314381270900	0.6976584022038570	0.112876254180602	0.4972451790633610
23.png	7	0.4665071770334930	0.6456639566395660	0.13078149920255200	0.6111111111111110
24.png	7	0.13590342679127700	0.7124485596707820	0.15031152647975100	0.5380658436213990
25.png	7	0.4197622585438340	0.7103064066852370	0.1025260029717680	0.49303621169916400
26.png	7	0.22861842105263200	0.7360681114551080	0.034868421052631600	0.39473684210526300
3.png	7	0.838903743315508	0.811698717948718	0.24197860962566800	0.3541666666666670
33.png	7	0.8926974664679580	0.8394568690095850	0.12518628912071500	0.305111821086262
36.png	7	0.47381342062193100	0.545676429567643	0.04828150572831420	0.19735006973500700
4.png	7	0.8396892655367230	0.7764505119453930	0.2274011299435030	0.39590443686006800
42.png	7	0.4597118463180360	0.6479310344827590	0.08271077908217720	0.2489655172413790
48.png	7	0.5993699885452460	0.444234404536862	0.05555555555555560	0.16446124763705100
5.png	7	0.652970297029703	0.76611328125	0.1495049504950500	0.4443359375
50.png	7	0.30934343434343400	0.6631716906946260	0.0	0.0
50.png	7	0.27714646464646500	0.7899737876802100	0.07954545454545450	0.41743119266055000
52.png	7	0.32886089813800700	0.7653399668325040	0.08817086527929900	0.3996683250414590
53.png	7	0.2886266094420600	0.7784810126582280	0.07939914163090130	0.40717299578059100
55.png	7	0.6318134171907760	0.7843383584589620	0.08857442348008390	0.3525963149078730
56.png	7	0.1942622950819670	0.7779937791601870	0.1377049180327870	0.4237947122861590
57.png	7	0.23108108108108100	0.7672684458398740	0.10810810810810800	0.4152276295133440
58.png	7	0.8651408450704230	0.7752365930599370	0.10633802816901400	0.4116719242902210
59.png	7	0.8773584905660380	0.7818396226415090	0.10107816711590300	0.4080188679245280
6.png	7	0.4716024340770790	0.8016409266409270	0.15821501014198800	0.33494208494208500
60.png	7	0.15116926503340800	0.8015422077922080	0.08296213808463250	0.38392857142857100
61.png	7	0.07349537037037040	0.7262895174708820	0.10648148148148100	0.47088186356073200
62.png	7	0.24511082138200800	0.8087761674718200	0.08083441981747070	0.33413848631239900
64.png	7	0.2782258064516130	0.7660891089108910	0.07382133995037220	0.283003300330033
67.png	7	0.15746268656716400	0.7959726443769000	0.14029850746268700	0.3731003039513680
69.png	7	0.2239425981873110	0.7380573248407640	0.1351963746223570	0.4394904458598730
7.png	7	0.37025796661608500	0.6542553191489360	0.13353566009104700	0.45508274231678500
72.png	7	0.20796783625731000	0.7753510140405620	0.1615497076023390	0.4165366614664590
73.png	7	0.39251497005988000	0.7767558528428090	0.09161676646706590	0.3979933110367890
74.png	7	0.9308035714285710	0.7254358161648180	0.11272321428571400	0.4968304278922350
76.png	7	0.2468905472636820	0.7451923076923080	0.13681592039801000	0.4423076923076920
77.png	7	0.056517311608961300	0.7608695652173910	0.09674134419551930	0.44481605351170600
78.png	7	0.8644200626959250	0.8000910746812390	0.109717868338558	0.34153005464480900
8.png	7	0.8168316831683170	0.8182565789473690	0.1782178217821780	0.31085526315789500
80.png	7	0.0889937106918239	0.8251533742331290	0.11132075471698100	0.34049079754601200
81.png	7	0.8430962343096230	0.7823208722741430	0.12133891213389100	0.4057632398753890
82.png	7	0.10859977949283400	0.817384370015949	0.09922822491730980	0.3444976076555020
83.png	7	0.8274478330658110	0.8022151898734180	0.14446227929374000	0.3829113924050630
85.png	7	0.24886535552193600	0.8158705701078580	0.10741301059001500	0.349768875192604
87.png	7	0.6746828752642710	0.8174398625429550	0.08298097251585620	0.2981099656357390
88.png	7	0.47044025157232700	0.7386914378029080	0.12075471698113200	0.43537964458804500
89.png	7	0.8158536585365850	0.9930555555555560	0.0	0.0
89.png	7	0.7640243902439030	0.8032407407407410	0.1024390243902440	0.375
9.png	7	0.1478723404255320	0.7827442827442830	0.10283687943262400	0.3887733887733890
90.png	7	0.14576271186440700	0.840393343419062	0.11864406779661000	0.3040847201210290
91.png	7	0.15620957309185000	0.8130804953560370	0.09249676584734800	0.35526315789473700
92.png	7	0.867310443490701	0.8154952076677320	0.09656652360515020	0.3450479233226840
93.png	7	0.9697075208913650	0.8003246753246750	0.05222841225626740	0.37337662337662300
95.png	7	0.87882096069869	0.7807632398753890	0.1146288209606990	0.3605919003115270
97.png	7	0.16009719222462200	0.8316563467492260	0.09341252699784020	0.31191950464396300
99.png	7	0.029517453798768000	0.7352195945945950	0.05082135523613960	0.49915540540540500