1.png	1	0.15023474178403800	0.23056155507559400	0.08450704225352110	0.10259179265658700
1.png	1	0.1572769953051640	0.24568034557235400	0.06572769953051640	0.08747300215982720
10.png	1	0.9167750325097530	0.11122448979591800	0.0611183355006502	0.08979591836734690
100.png	1	0.7082829504232160	0.10015649452269200	0.06469165659008470	0.08607198748043820
101.png	1	0.9710767468499430	0.1927570093457940	0.04753722794959910	0.07242990654205610
103.png	1	0.7580445544554460	0.09379785604900460	0.038366336633663400	0.058958652373660000
105.png	1	0.30418943533697600	0.48115577889447200	0.0947176684881603	0.05108877721943050
106.png	1	0.9645120405576680	0.171484375	0.05576679340937900	0.05859375
108.jpg	1	0.5865	0.842625	0.059666666666666700	0.09125
109.jpg	1	0.9046930604982210	0.7591174325309990	0.04737544483985770	0.1024799416484320
11.png	1	0.6693290734824280	0.06259904912836770	0.12460063897763600	0.05229793977813000
110.jpg	1	0.47381621187801000	0.6504629629629630	0.012239165329053000	0.026455026455026500
111.jpg	1	0.320703125	0.529445073612684	0.06796875	0.08040770101925250
113.jpg	1	0.6634904714142430	0.09296875	0.12738214643931800	0.078125
115.jpg	1	0.4026826484018270	0.6591045673076920	0.026445966514459700	0.03155048076923080
117.jpg	1	0.2565609622744670	0.41021476267821700	0.13531984691088000	0.09312398484028150
118.jpg	1	0.6393458486549260	0.611465892597968	0.03193342365008710	0.04847605224963720
119.jpg	1	0.44858156028368800	0.5383028114521540	0.03320438426821410	0.02476141346401860
12.png	1	0.8753720238095240	0.9087628865979380	0.08110119047619050	0.09587628865979380
123.jpg	1	0.3596513075965130	0.730190349712262	0.02291407222914070	0.05090748118636570
124.jpg	1	0.343014521782674	0.5912327547841570	0.01902854281422130	0.03337783711615490
125.jpg	1	0.42441421012849600	0.664576802507837	0.02343159486016630	0.04746977160770260
126.jpg	1	0.08046407185628740	0.05454545454545450	0.02869261477045910	0.03370288248337030
128.jpg	1	0.8485725308641980	0.6747685185185190	0.02662037037037040	0.01273148148148150
13.png	1	0.14234104046242800	0.11147186147186100	0.08670520231213870	0.09090909090909090
14.png	1	0.9491315136476430	0.45993031358885000	0.08684863523573200	0.06794425087108010
15.png	1	0.10856573705179300	0.4309576837416480	0.09229747675962820	0.10244988864142500
16.png	1	0.04709141274238230	0.5376940133037690	0.04293628808864270	0.06873614190687360
17.png	1	0.08728010825439780	0.4023972602739730	0.06359945872801080	0.11073059360730600
19.png	1	0.10299744897959200	0.8567285382830630	0.06568877551020410	0.10788863109048700
2.png	1	0.14052953156822800	0.036127167630057800	0.05091649694501020	0.05491329479768790
20.png	1	0.8837625178826900	0.6582474226804120	0.04220314735336200	0.08762886597938140
21.png	1	0.8724916387959870	0.6618457300275480	0.07274247491638800	0.10606060606060600
22.png	1	0.09249329758713140	0.706963249516441	0.16085790884718500	0.11411992263056100
23.png	1	0.886762360446571	0.801490514905149	0.05741626794258370	0.1016260162601630
24.png	1	0.8531931464174460	0.6723251028806580	0.07242990654205610	0.07510288065843620
25.png	1	0.8774145616641900	0.7151810584958220	0.06092124814264490	0.11838440111420600
26.png	1	0.969078947368421	0.8126934984520120	0.04736842105263160	0.09907120743034060
3.png	1	0.7566844919786100	0.03245192307692310	0.13368983957219300	0.052083333333333300
30.png	1	0.7402135231316730	0.603225806451613	0.06583629893238430	0.06290322580645160
36.png	1	0.5012274959083470	0.7241980474198050	0.024549918166939400	0.0397489539748954
37.png	1	0.39841772151898700	0.6346694796061890	0.04113924050632910	0.04571026722925460
38.png	1	0.3957703927492450	0.4721030042918460	0.028700906344410900	0.034334763948497900
39.png	1	0.3937807881773400	0.7278481012658230	0.04864532019704430	0.04360056258790440
40.png	1	0.3347568988173460	0.5359877488514550	0.03613666228646520	0.05819295558958650
41.png	1	0.3015503875968990	0.33164852255054400	0.05426356589147290	0.045878693623639200
43.png	1	0.47751524390243900	0.9333333333333330	0.0663109756097561	0.10752688172043000
44.png	1	0.6007462686567160	0.3143203883495150	0.029850746268656700	0.04449838187702270
45.png	1	0.3486928104575160	0.40669014084507000	0.056862745098039200	0.0880281690140845
49.png	1	0.3808262711864410	0.8709677419354840	0.09004237288135590	0.06048387096774190
51.png	1	0.6299589603283170	0.08277870216306160	0.09575923392612860	0.0973377703826955
53.png	1	0.4417918454935620	0.6091772151898730	0.05740343347639490	0.10021097046413500
54.png	1	0.29344827586206900	0.6150927487352450	0.08758620689655170	0.081787521079258
55.png	1	0.05110062893081760	0.5682579564489110	0.04979035639413000	0.08793969849246230
56.png	1	0.7889344262295080	0.500388802488336	0.07950819672131150	0.0660964230171073
57.png	1	0.21317567567567600	0.6640502354788070	0.04391891891891890	0.07535321821036110
58.png	1	0.3316901408450700	0.8221608832807570	0.06056338028169010	0.0638801261829653
59.png	1	0.5397574123989220	0.6112421383647800	0.04851752021563340	0.0699685534591195
6.png	1	0.8818458417849900	0.03137065637065640	0.0821501014198783	0.05888030888030890
60.png	1	0.7522271714922050	0.2974837662337660	0.045657015590200400	0.06737012987012990
61.png	1	0.9253472222222220	0.7104825291181370	0.041666666666666700	0.1064891846921800
69.png	1	0.8829305135951660	0.43272292993630600	0.08308157099697890	0.06926751592356690
7.png	1	0.8455993930197270	0.8185579196217490	0.06904400606980270	0.0768321513002364
70.png	1	0.9552160168598530	0.8214285714285710	0.05268703898840890	0.09183673469387760
71.png	1	0.6923076923076920	0.096	0.0757918552036199	0.0832
72.png	1	0.7328216374269010	0.3330733229329170	0.08406432748538010	0.0748829953198128
73.png	1	0.5862275449101800	0.34991638795986600	0.058682634730538900	0.057692307692307700
74.png	1	0.5577566964285710	0.3530110935023770	0.06194196428571430	0.08161648177496040
76.png	1	0.06996268656716420	0.3657852564102560	0.05907960199004980	0.08253205128205130
77.png	1	0.5005091649694500	0.6500836120401340	0.0835030549898167	0.06939799331103680
8.png	1	0.6243811881188120	0.055098684210526300	0.11014851485148500	0.04276315789473680
80.png	1	0.6993710691823900	0.04486196319018410	0.052830188679245300	0.057515337423312900
84.png	1	0.1615581098339720	0.04224806201550390	0.06257982120051090	0.06124031007751940
85.png	1	0.9322995461422090	0.12057010785824300	0.06429652042360060	0.07473035439137130
86.png	1	0.7922794117647060	0.46540880503144700	0.1036764705882350	0.10849056603773600
88.png	1	0.061635220125786200	0.625605815831987	0.05408805031446540	0.05411954765751210
89.png	1	0.07682926829268290	0.23842592592592600	0.05853658536585370	0.08950617283950620
90.png	1	0.9622881355932200	0.04954614220877460	0.0635593220338983	0.049167927382753400
91.png	1	0.9210866752910740	0.184984520123839	0.05304010349288490	0.04489164086687310
94.png	1	0.05263157894736840	0.0404874213836478	0.05689900426742530	0.0479559748427673
97.png	1	0.9703023758099350	0.04256965944272450	0.035637149028077800	0.05108359133126940
98.png	1	0.9517453798767970	0.4270334928229670	0.048254620123203300	0.07416267942583730
99.png	1	0.6352669404517450	0.03462837837837840	0.056981519507186900	0.05405405405405410
115.jpg	0	0.4918188736681890	0.5715144230769230	0.12899543378995400	0.11899038461538500
114.jpg	0	0.3477864583333330	0.7521701388888890	0.04244791666666670	0.05503472222222220
128.jpg	0	0.5748456790123460	0.5321180555555560	0.11381172839506200	0.0775462962962963
116.jpg	0	0.3831435800126500	0.6829538266919670	0.17425679949399100	0.19512966476913300
117.jpg	0	0.3376161837069440	0.3474102147626780	0.263531984691088	0.3374842086266020
113.jpg	0	0.6369107321965900	0.250390625	0.4633901705115350	0.38359375
115.jpg	0	0.4948630136986300	0.5790264423076920	0.1308980213089800	0.09975961538461540
114.jpg	0	0.34401041666666700	0.7605034722222220	0.0359375	0.042881944444444400
128.jpg	0	0.5622106481481480	0.5364583333333330	0.11747685185185200	0.07696759259259260
116.jpg	0	0.3855154965211890	0.6850094876660340	0.15749525616698300	0.17963314358001300
113.jpg	0	0.6344032096288870	0.19140625	0.4684052156469410	0.2828125
110.jpg	0	0.43579454253611600	0.5787037037037040	0.03330658105939010	0.0958994708994709
111.jpg	0	0.35	0.39354473386183500	0.165625	0.3250283125707810
108.jpg	0	0.456	0.34775	0.14466666666666700	0.1805
120.jpg	0	0.8621530382595650	0.7264405762304920	0.08439609902475620	0.10114045618247300
121.jpg	0	0.5264540337711070	0.392224557190033	0.08330206378986870	0.09936955869108380
109.jpg	0	0.8216192170818510	0.5603574033552150	0.07206405693950180	0.3636032093362510
123.jpg	0	0.36587795765878000	0.7220008853474990	0.038854296388543000	0.2549800796812750
122.jpg	0	0.2677405311275580	0.34082201323580600	0.03569873748367440	0.05329153605015670
126.jpg	0	0.3681387225548900	0.49467849223946800	0.060129740518962100	0.19290465631929000
127.jpg	0	0.5163845486111110	0.6825810185185190	0.060546875	0.0775462962962963
125.jpg	0	0.436633912824389	0.6305418719211820	0.033761652809271900	0.18360949395432200
119.jpg	0	0.24081237911025100	0.4204281661078150	0.04319793681495810	0.02992004126902240
118.jpg	0	0.5242887555641570	0.5870827285921630	0.06464099090381270	0.24179970972423800
124.jpg	0	0.32473710565848800	0.4414775255896750	0.026039058587881800	0.2394303515798840
1.png	0	0.4276212832550860	0.5145788336933050	0.24647887323943700	0.18898488120950300
10.png	0	0.31697009102730800	0.5413265306122450	0.1671001300390120	0.16224489795918400
100.png	0	0.8660822249093110	0.3227699530516430	0.18319226118500600	0.21830985915493000
101.png	0	0.46105383734249700	0.3197040498442370	0.14891179839633400	0.0926791277258567
102.png	0	0.8800940438871470	0.9172354948805460	0.17189132706374100	0.1296928327645050
105.png	0	0.2750455373406190	0.36892797319933000	0.43169398907103800	0.14154103852596300
106.png	0	0.4711660329531050	0.395703125	0.20595690747782000	0.10859375
107.png	0	0.693158953722334	0.16326530612244900	0.1267605633802820	0.3029827315541600
114.jpg	0	0.5895833333333330	0.7610243055555560	0.04583333333333330	0.0234375
115.jpg	0	0.4966704718417050	0.5916466346153850	0.1128234398782340	0.09555288461538460
119.jpg	0	0.7891682785299810	0.7584472530306940	0.029658284977433900	0.07299458344080470
12.png	0	0.4869791666666670	0.2345360824742270	0.08110119047619050	0.37628865979381400
122.jpg	0	0.26665215498476300	0.3458725182863110	0.028297779712668700	0.05990943921978410
127.jpg	0	0.5162760416666670	0.6848958333333330	0.0798611111111111	0.06712962962962960
13.png	0	0.6611271676300580	0.553030303030303	0.203757225433526	0.27056277056277100
14.png	0	0.5607940446650120	0.31881533101045300	0.28287841191067	0.31881533101045300
15.png	0	0.44123505976095600	0.6659242761692650	0.2556440903054450	0.576837416481069
16.png	0	0.875	0.1868070953436810	0.16966759002770100	0.3270509977827050
17.png	0	0.42456021650879600	0.660958904109589	0.2334235453315290	0.6415525114155250
18.png	0	0.5845195729537370	0.2380546075085320	0.30071174377224200	0.42150170648464200
19.png	0	0.3947704081632650	0.3138051044083530	0.11989795918367300	0.4466357308584690
2.png	0	0.8365580448065170	0.40414258188824700	0.2189409368635440	0.23795761078998100
20.png	0	0.8226037195994280	0.5783505154639180	0.2875536480686700	0.41030927835051500
21.png	0	0.20986622073578600	0.38705234159779600	0.27759197324414700	0.3581267217630850
22.png	0	0.8652815013404830	0.2978723404255320	0.1380697050938340	0.1644100580270790
23.png	0	0.5478468899521530	0.5528455284552850	0.3365231259968100	0.15989159891598900
24.png	0	0.22897196261682200	0.2767489711934160	0.09190031152647980	0.4176954732510290
25.png	0	0.7760029717682020	0.23467966573816200	0.15676077265973300	0.3467966573816160
26.png	0	0.5828947368421050	0.5696594427244580	0.05131578947368420	0.24458204334365300
31.png	0	0.48545101842871000	0.805205047318612	0.04849660523763340	0.3722397476340690
36.png	0	0.49345335515548300	0.5652022315202230	0.03764320785597380	0.15829846582984700
37.png	0	0.6772151898734180	0.8604078762306610	0.053164556962025300	0.21729957805907200
38.png	0	0.6891993957703930	0.8648068669527900	0.11404833836858000	0.24606580829756800
39.png	0	0.4248768472906400	0.2876230661040790	0.0960591133004926	0.16877637130801700
4.png	0	0.23940677966101700	0.7393344709897610	0.2923728813559320	0.3677474402730380
40.png	0	0.32752956636005300	0.307427258805513	0.09789750328515110	0.13093415007657000
41.png	0	0.7395348837209300	0.7799377916018660	0.04186046511627910	0.2255054432348370
44.png	0	0.21952736318408000	0.8580097087378640	0.08582089552238810	0.23058252427184500
45.png	0	0.6333333333333330	0.8503521126760560	0.07581699346405230	0.24295774647887300
46.png	0	0.5144521138912860	0.35845070422535200	0.35073339085418500	0.7098591549295780
48.png	0	0.7769186712485680	0.6379962192816640	0.024627720504009200	0.11909262759924400
5.png	0	0.11287128712871300	0.2314453125	0.15247524752475200	0.4375
50.png	0	0.7986111111111110	0.27916120576671000	0.06523569023569020	0.45740498034076000
51.png	0	0.5588235294117650	0.2799500831946760	0.07934336525307800	0.20715474209650600
52.png	0	0.5594194961664840	0.21475953565505800	0.23822562979189500	0.3200663349917080
53.png	0	0.6105150214592270	0.5606540084388190	0.17381974248927000	0.3280590717299580
54.png	0	0.8196551724137930	0.5177065767284990	0.24620689655172400	0.6155143338954470
55.png	0	0.1540880503144650	0.5506700167504190	0.16457023060796600	0.24706867671691800
56.png	0	0.6692622950819670	0.4230171073094870	0.27295081967213100	0.39191290824261300
57.png	0	0.5070945945945950	0.4321036106750390	0.28986486486486500	0.38226059654631100
58.png	0	0.2834507042253520	0.31269716088328100	0.3626760563380280	0.32886435331230300
59.png	0	0.1738544474393530	0.29992138364779900	0.2803234501347710	0.3639937106918240
60.png	0	0.6829064587973270	0.17816558441558400	0.2076837416481070	0.05925324675324680
61.png	0	0.8295717592592590	0.5994176372712150	0.04456018518518520	0.6247920133111480
62.png	0	0.7640156453715780	0.5068438003220610	0.34028683181225600	0.061996779388083700
63.png	0	0.5940740740740740	0.6505295007564300	0.21481481481481500	0.405446293494705
64.png	0	0.6212779156327540	0.1976072607260730	0.151985111662531	0.11468646864686500
67.png	0	0.6466417910447760	0.11170212765957400	0.3559701492537310	0.22188449848024300
68.png	0	0.1491869918699190	0.717374213836478	0.07398373983739840	0.3781446540880500
69.png	0	0.7643504531722050	0.383359872611465	0.36706948640483400	0.4179936305732480
7.png	0	0.798937784522003	0.5851063829787230	0.18816388467374800	0.12529550827423200
70.png	0	0.2268177028451000	0.3039965986394560	0.1564805057955740	0.4260204081632650
71.png	0	0.7553733031674210	0.5856	0.2754524886877830	0.1088
72.png	0	0.46637426900584800	0.2800312012480500	0.23976608187134500	0.1029641185647430
73.png	0	0.8562874251497010	0.25710702341137100	0.11377245508982000	0.42391304347826100
76.png	0	0.7347636815920400	0.40064102564102600	0.32276119402985100	0.1762820512820510
77.png	0	0.5030549898167010	0.5505852842809360	0.0560081466395112	0.5593645484949830
79.png	0	0.5828045685279190	0.4328125	0.3293147208121830	0.0921875
82.png	0	0.39691289966923900	0.5311004784689000	0.11025358324145500	0.3875598086124400
83.png	0	0.6761637239165330	0.7519778481012660	0.13563402889245600	0.4454113924050630
84.png	0	0.5322477650063860	0.362015503875969	0.2177522349936140	0.24186046511627900
85.png	0	0.7144478063540090	0.14984591679506900	0.30030257186081700	0.24884437596302000
86.png	0	0.7834558823529410	0.5534591194968550	0.3272058823529410	0.139937106918239
87.png	0	0.09143763213530660	0.752147766323024	0.05919661733615220	0.3634020618556700
88.png	0	0.7028301886792450	0.1167205169628430	0.18050314465408800	0.11712439418416800
89.png	0	0.8914634146341460	0.19675925925925900	0.14878048780487800	0.25
9.png	0	0.32056737588652500	0.12785862785862800	0.27801418439716300	0.22453222453222500
91.png	0	0.5915265200517460	0.26625386996904000	0.221862871927555	0.15015479876161000
92.png	0	0.224964234620887	0.16493610223642200	0.22103004291845500	0.19249201277955300
93.png	0	0.1048050139275770	0.21834415584415600	0.18454038997214500	0.3814935064935070
94.png	0	0.49110953058321500	0.38836477987421400	0.3079658605974400	0.24056603773584900
95.png	0	0.0584061135371179	0.7180685358255450	0.08951965065502180	0.42834890965732100
96.png	0	0.2739495798319330	0.4697986577181210	0.2605042016806720	0.785234899328859
97.png	0	0.5688444924406050	0.3688080495356040	0.259719222462203	0.21749226006192000
98.png	0	0.6380903490759750	0.22248803827751200	0.12833675564681700	0.4354066985645930
99.png	0	0.8362422997946610	0.28927364864864900	0.2936344969199180	0.45692567567567600
104.png	2	0.9188078108941420	0.5463709677419360	0.13257965056526200	0.6040322580645160
104.png	2	0.065775950668037	0.4907258064516130	0.08221993833504630	0.5088709677419360
114.jpg	2	0.41705729166666700	0.696875	0.08932291666666670	0.13055555555555600
116.jpg	2	0.6008855154965210	0.5912397216951300	0.20619860847564800	0.4493991144845040
119.jpg	2	0.8873307543520310	0.8287335568738720	0.07124435847840100	0.21717823059066300
120.jpg	2	0.459489872468117	0.5568727490996400	0.1207801950487620	0.19657863145258100
122.jpg	2	0.9190248149760560	0.7554858934169280	0.10535481062255100	0.2222222222222220
26.png	2	0.3101973684210530	0.42724458204334400	0.11513157894736800	0.6160990712074300
27.png	2	0.5466101694915250	0.4759463722397480	0.809322033898305	0.9345425867507890
28.png	2	0.5294392523364490	0.382996632996633	0.3710280373831780	0.6986531986531990
29.png	2	0.7107142857142860	0.5030911901081920	0.39107142857142900	0.9304482225656880
29.png	2	0.16517857142857100	0.47720247295208700	0.2357142857142860	0.9358578052550230
3.png	2	0.5935828877005350	0.25280448717948700	0.44385026737967900	0.2796474358974360
30.png	2	0.6352313167259790	0.4161290322580650	0.3167259786476870	0.5096774193548390
30.png	2	0.2526690391459080	0.37298387096774200	0.3469750889679720	0.5782258064516130
31.png	2	0.27618816682832200	0.24566246056782300	0.18380213385063000	0.4582018927444800
31.png	2	0.0892337536372454	0.22712933753943200	0.15615906886517900	0.41009463722397500
32.png	2	0.7121794871794870	0.29132569558101500	0.49615384615384600	0.5253682487725040
33.png	2	0.75	0.3226837060702880	0.2496274217585690	0.48881789137380200
33.png	2	0.27533532041728800	0.3011182108626200	0.45976154992548400	0.5654952076677320
34.png	2	0.44151670951156800	0.33125	0.8264781491002570	0.646875
35.png	2	0.1475253807106600	0.37816455696202500	0.28109137055837600	0.7373417721518990
36.png	2	0.46890343698854300	0.9100418410041840	0.11783960720130900	0.14783821478382100
37.png	2	0.46867088607594900	0.8561884669479610	0.11835443037974700	0.23980309423347400
38.png	2	0.5619335347432020	0.9413447782546500	0.0	0.0
38.png	2	0.48678247734139000	0.8505007153075820	0.17749244712990900	0.21745350500715300
39.png	2	0.4766009852216750	0.8959212376933900	0.14039408866995100	0.1659634317862170
40.png	2	0.4007884362680680	0.7924961715160800	0.1392904073587390	0.333843797856049
41.png	2	0.4449612403100780	0.7577760497667190	0.1937984496124030	0.36003110419906700
44.png	2	0.46610696517412900	0.7370550161812300	0.16480099502487600	0.470873786407767
45.png	2	0.4503267973856210	0.7852112676056340	0.15816993464052300	0.32922535211267600
48.png	2	0.5813287514318440	0.9744801512287330	0.0	0.0
48.png	2	0.5349369988545250	0.7948960302457470	0.11683848797250900	0.3005671077504730
6.png	2	0.2281947261663290	0.23455598455598500	0.2413793103448280	0.15057915057915100
65.png	2	0.15711991434689500	0.2717198581560280	0.22323340471092100	0.499113475177305
66.png	2	0.6722636815920400	0.36268781302170300	0.5062189054726370	0.48163606010016700
78.png	2	0.5638714733542320	0.569672131147541	0.2672413793103450	0.7659380692167580
8.png	2	0.16893564356435600	0.36554276315789500	0.22153465346534700	0.3034539473684210
81.png	2	0.1997907949790800	0.3866822429906540	0.26429567642956800	0.6409657320872270
82.png	2	0.18770672546857800	0.5167464114832540	0.23759647188533600	0.9250398724082930
103.png	3	0.6024133663366340	0.5505359877488520	0.3162128712871290	0.8422664624808580
11.png	3	0.42012779552715700	0.5416006339144220	0.7252396166134190	0.8803486529318540
112.jpg	3	0.566015625	0.45305164319248800	0.32421875	0.7746478873239440
114.jpg	3	0.4993489583333330	0.6410590277777780	0.11223958333333300	0.07517361111111110
119.jpg	3	0.61428110896196	0.6823574929068870	0.20277240490006400	0.1859685323703900
122.jpg	3	0.7655637788419680	0.5921281783350750	0.14671310404875900	0.18808777429467100
3.png	3	0.2907754010695190	0.5825320512820510	0.5066844919786100	0.7099358974358980
36.png	3	0.6049509001636660	0.8312412831241280	0.14689034369885400	0.22315202231520200
37.png	3	0.3294303797468350	0.6610407876230660	0.21329113924050600	0.1940928270042190
38.png	3	0.2688821752265860	0.7031473533619460	0.25075528700906300	0.19456366237482100
39.png	3	0.23983990147783300	0.6529535864978900	0.2752463054187190	0.3368495077355840
40.png	3	0.22963206307490100	0.6140888208269530	0.18199737187910600	0.1638591117917310
41.png	3	0.17674418604651200	0.5859253499222400	0.31627906976744200	0.31337480559875600
42.png	3	0.3068303094983990	0.8648275862068970	0.22838847385272100	0.1889655172413790
44.png	3	0.6573383084577120	0.6901294498381880	0.2562189054726370	0.5032362459546930
45.png	3	0.24052287581699300	0.7205105633802820	0.21437908496732000	0.5008802816901410
48.png	3	0.4464490263459340	0.5803402646502840	0.08991981672394040	0.32514177693761800
6.png	3	0.4908722109533470	0.3798262548262550	0.40973630831643000	0.36776061776061800
79.png	3	0.2569796954314720	0.241015625	0.3096446700507610	0.43203125
8.png	3	0.3948019801980200	0.3449835526315790	0.5816831683168320	0.4909539473684210
80.png	3	0.560062893081761	0.504217791411043	0.27358490566037700	0.9746932515337420
81.png	3	0.45746164574616500	0.4676791277258570	0.3514644351464440	0.9026479750778820
83.png	3	0.4458266452648480	0.21123417721519000	0.21107544141252000	0.3829113924050630
87.png	3	0.8520084566596190	0.6301546391752580	0.2167019027484140	0.43556701030927800
1.png	4	0.6189358372456970	0.6533477321814260	0.39593114241001600	0.67170626349892
10.png	4	0.5026007802340700	0.9816326530612250	0.0	0.0
10.png	4	0.3644343302990900	0.6035714285714290	0.2789336801040310	0.7479591836734690
100.png	4	0.7406287787182590	0.5805946791862290	0.3639661426844020	0.7949921752738660
101.png	4	0.2766323024054980	0.5451713395638630	0.2943871706758310	0.9018691588785050
102.png	4	0.8134796238244510	0.7077645051194540	0.3542319749216300	0.5281569965870310
103.png	4	0.1775990099009900	0.5784839203675350	0.28217821782178200	0.7664624808575800
105.png	4	0.4763205828779600	0.4937185929648240	0.8597449908925320	0.9087102177554440
106.png	4	0.2946768060836500	0.579296875	0.4892268694550060	0.72265625
107.png	4	0.6212273641851110	0.4956828885400310	0.6287726358148890	0.9709576138147570
108.jpg	4	0.20991666666666700	0.597375	0.3845	0.72525
109.jpg	4	0.7423265124555160	0.47921225382932200	0.2208629893238430	0.7986870897155360
110.jpg	4	0.45636035313001600	0.5636574074074070	0.09008828250401280	0.26157407407407400
111.jpg	4	0.456640625	0.4609286523216310	0.44296875	0.7565118912797280
113.jpg	4	0.47342026078234700	0.495703125	0.7021063189568710	0.84765625
114.jpg	4	0.3109375	0.7221354166666670	0.1046875	0.13072916666666700
115.jpg	4	0.4324581430745810	0.6873497596153850	0.20205479452054800	0.4143629807692310
116.jpg	4	0.3927893738140420	0.6258697027197980	0.21821631878557900	0.42947501581277700
117.jpg	4	0.5405959540732640	0.5741743367623170	0.6908146528157460	0.8274679660711060
118.jpg	4	0.665957035029998	0.5493468795355590	0.2825624153280430	0.5094339622641510
119.jpg	4	0.28191489361702100	0.4469950993035850	0.13185041908446200	0.1145215372710860
119.jpg	4	0.8083494519664730	0.7066030435904050	0.0609284332688588	0.18184163012638600
12.png	4	0.6209077380952380	0.5041237113402060	0.43080357142857100	0.9402061855670100
120.jpg	4	0.2702550637659420	0.7141356542617050	0.11515378844711200	0.1875750300120050
120.jpg	4	0.746436609152288	0.8118247298919570	0.23405851462865700	0.24969987995198100
121.jpg	4	0.4846153846153850	0.4732812969078360	0.1722326454033770	0.2566796757730410
122.jpg	4	0.4148889856334350	0.5677464298153950	0.09490639965171960	0.1602229188436090
122.jpg	4	0.2725293861558560	0.38174851967955400	0.10187200696560700	0.12748171368861000
123.jpg	4	0.3439601494396020	0.6861443116423200	0.10809464508094600	0.3346613545816730
124.jpg	4	0.3085878818227340	0.4485981308411220	0.08637956935403100	0.42456608811749000
125.jpg	4	0.48097757621567100	0.6309896999552170	0.1017888636936260	0.3600537393640840
126.jpg	4	0.42652195608782400	0.6407982261640800	0.14645708582834300	0.4203991130820400
127.jpg	4	0.5562065972222220	0.6633391203703700	0.13802083333333300	0.23697916666666700
128.jpg	4	0.5242091049382720	0.49985532407407400	0.35011574074074100	0.5940393518518520
13.png	4	0.7272398843930640	0.5443722943722940	0.3504335260115610	0.8809523809523810
14.png	4	0.37034739454094300	0.5078397212543550	0.7133995037220840	0.9128919860627180
15.png	4	0.6298140770252320	0.517260579064588	0.6992031872509960	0.9432071269487750
16.png	4	0.7617728531855960	0.49944567627494500	0.3379501385041550	0.950110864745011
17.png	4	0.6461434370771310	0.5	0.6671177266576460	0.9452054794520550
18.png	4	0.36298932384341600	0.4697098976109220	0.6512455516014240	0.9052901023890790
19.png	4	0.5494260204081630	0.4895591647331790	0.4534438775510200	0.8839907192575410
2.png	4	0.7561099796334010	0.611271676300578	0.3065173116089610	0.7427745664739880
20.png	4	0.6112303290414880	0.5515463917525770	0.7145922746781120	0.8247422680412370
21.png	4	0.3068561872909700	0.5323691460055100	0.46488294314381300	0.8305785123966940
22.png	4	0.5683646112600540	0.5319148936170210	0.8176943699731900	0.9032882011605420
23.png	4	0.682615629984051	0.5426829268292680	0.6076555023923440	0.8387533875338750
24.png	4	0.45093457943925200	0.5169753086419750	0.5981308411214950	0.9372427983539090
25.png	4	0.6805349182763750	0.5132311977715880	0.32540861812778600	0.8983286908077990
26.png	4	0.46480263157894700	0.5882352941176470	0.30986842105263200	0.6749226006191950
31.png	4	0.5703200775945680	0.5768927444794950	0.2104752667313290	0.8272870662460570
31.png	4	0.8680892337536370	0.5792586750788640	0.22405431619786600	0.8004731861198740
36.png	4	0.5155482815057280	0.49860529986053	0.16530278232405900	0.44490934449093400
37.png	4	0.7427215189873420	0.7710970464135020	0.22848101265822800	0.4057665260196910
38.png	4	0.743202416918429	0.7675250357653790	0.2809667673716010	0.4406294706723890
38.png	4	0.5037764350453170	0.38912732474964200	0.19486404833836900	0.3061516452074390
39.png	4	0.4963054187192120	0.4008438818565400	0.2044334975369460	0.3488045007032350
39.png	4	0.7139778325123150	0.7855133614627290	0.2185960591133010	0.39662447257384000
4.png	4	0.3601694915254240	0.5149317406143340	0.615819209039548	0.9189419795221840
40.png	4	0.39388961892247000	0.37366003062787100	0.23850197109067000	0.3460949464012250
40.png	4	0.7480289093298290	0.7434915773353750	0.17674113009198400	0.47320061255742700
41.png	4	0.7701550387596900	0.6500777604976670	0.2302325581395350	0.5038880248833590
42.png	4	0.5429562433297760	0.5	0.2502668089647810	0.5958620689655170
43.png	4	0.3410823170731710	0.4591397849462370	0.49009146341463400	0.8580645161290320
44.png	4	0.20211442786069700	0.23826860841423900	0.3009950248756220	0.3843042071197410
45.png	4	0.4290849673202610	0.20466549295774600	0.22156862745098000	0.3829225352112680
45.png	4	0.7052287581699350	0.6879401408450700	0.24444444444444400	0.5836267605633800
46.png	4	0.24180327868852500	0.5996478873239440	0.41371872303710100	0.6823943661971830
46.png	4	0.7480586712683350	0.49401408450704200	0.34167385677308000	0.9161971830985920
48.png	4	0.7018900343642610	0.42060491493383700	0.10710194730813300	0.30812854442344000
48.png	4	0.8241695303550970	0.582703213610586	0.1111111111111110	0.31474480151228700
49.png	4	0.5752118644067800	0.5967741935483870	0.3919491525423730	0.7157258064516130
5.png	4	0.2717821782178220	0.47900390625	0.47425742574257400	0.9306640625
51.png	4	0.4220246238030100	0.5079034941763730	0.8153214774281810	0.9559068219633940
52.png	4	0.6919496166484120	0.5310945273631840	0.5558598028477550	0.884742951907131
53.png	4	0.5464055793991420	0.5643459915611820	0.2752145922746780	0.8333333333333330
54.png	4	0.45448275862069000	0.5067453625632380	0.8841379310344830	0.9595278246205730
55.png	4	0.2971698113207550	0.5385259631490790	0.4968553459119500	0.8257956448911220
56.png	4	0.6274590163934430	0.5038880248833590	0.44344262295082000	0.9720062208398130
57.png	4	0.6192567567567570	0.5105965463108320	0.5263513513513510	0.9552590266875980
58.png	4	0.3954225352112680	0.5027602523659310	0.6471830985915490	0.9376971608832810
59.png	4	0.33524258760107800	0.5125786163522010	0.6273584905660380	0.9449685534591200
60.png	4	0.5434298440979960	0.5142045454545450	0.47438752783964400	0.924512987012987
61.png	4	0.5902777777777780	0.4966722129783690	0.5798611111111110	0.9534109816971710
62.png	4	0.7992177314211210	0.5519323671497590	0.31681877444589300	0.8252818035426730
62.png	4	0.49250325945241200	0.5402576489533010	0.22099087353324600	0.8115942028985510
63.png	4	0.2674074074074070	0.5132375189107410	0.3940740740740740	0.9175491679273830
64.png	4	0.705955334987593	0.5235148514851490	0.31265508684863500	0.7945544554455450
67.png	4	0.6600746268656720	0.4886018237082070	0.5395522388059700	0.9756838905775080
68.png	4	0.6719512195121950	0.5310534591194970	0.3861788617886180	0.8907232704402520
68.png	4	0.26178861788617900	0.5184748427672960	0.4113821138211380	0.9300314465408810
69.png	4	0.5891238670694860	0.49522292993630600	0.5166163141993960	0.9745222929936310
7.png	4	0.6930955993930200	0.5585106382978720	0.41198786039453700	0.7316784869976360
70.png	4	0.3314014752370920	0.4893707482993200	0.31612223393045300	0.8528911564625850
71.png	4	0.6176470588235290	0.5788	0.5633484162895930	0.7672
72.png	4	0.5489766081871350	0.5218408736349450	0.5847953216374270	0.9375975039001560
73.png	4	0.7796407185628740	0.5167224080267560	0.3568862275449100	0.9247491638795990
74.png	4	0.31361607142857100	0.6236133122028530	0.6127232142857140	0.7036450079239300
75.png	4	0.41408839779005500	0.57	0.24143646408839800	0.7832
75.png	4	0.16104972375690600	0.546	0.2535911602209950	0.8568
76.png	4	0.7820273631840800	0.5064102564102560	0.2879353233830850	0.9471153846153850
77.png	4	0.4124236252545830	0.5071070234113710	0.3788187372708760	0.8787625418060200
79.png	4	0.5856598984771570	0.48046875	0.38451776649746200	0.865625
82.png	4	0.6306504961411250	0.604066985645933	0.19514884233737600	0.7727272727272730
82.png	4	0.3809261300992280	0.5554226475279110	0.16758544652701200	0.8317384370015950
83.png	4	0.6789727126805780	0.49841772151898700	0.31942215088282500	0.8813291139240510
84.png	4	0.6478288633461050	0.6321705426356590	0.41315453384418900	0.6751937984496120
85.png	4	0.5381996974281390	0.5080893682588600	0.6679273827534040	0.960708782742681
86.png	4	0.4801470588235290	0.5094339622641510	0.9411764705882350	0.9528301886792450
87.png	4	0.17891120507399600	0.5356529209621990	0.3356236786469350	0.8960481099656360
88.png	4	0.7320754716981130	0.5032310177705980	0.3169811320754720	0.9515347334410340
89.png	4	0.7435975609756100	0.5034722222222220	0.3323170731707320	0.9205246913580250
9.png	4	0.38581560283687900	0.498960498960499	0.37872340425531900	0.9355509355509360
90.png	4	0.4233050847457630	0.6013615733736760	0.6686440677966100	0.7715582450832070
91.png	4	0.45827943078913300	0.5572755417956660	0.4922380336351880	0.846749226006192
92.png	4	0.34298998569384800	0.505591054313099	0.5429184549356220	0.9281150159744410
93.png	4	0.4052924791086350	0.5121753246753250	0.7409470752089140	0.9577922077922080
94.png	4	0.6031294452347080	0.6210691823899370	0.4722617354196300	0.7374213836477990
95.png	4	0.2944868995633190	0.5175233644859810	0.5267467248908300	0.9478193146417450
96.png	4	0.43487394957983200	0.48573825503355700	0.7991596638655460	0.9312080536912750
97.png	4	0.48758099352051800	0.5955882352941180	0.47300215982721400	0.7066563467492260
98.png	4	0.34933264887063700	0.4728867623604470	0.6791581108829570	0.8819776714513560
99.png	4	0.5849589322381930	0.5329391891891890	0.6473305954825460	0.9037162162162160
1.png	5	0.797339593114241	0.5518358531317490	0.325508607198748	0.7948164146868250
10.png	5	0.7815344603381020	0.625	0.39791937581274400	0.6704081632653060
101.png	5	0.7668957617411230	0.7110591900311530	0.12485681557846500	0.4937694704049840
104.png	5	0.4910071942446040	0.5935483870967740	0.14645426515930100	0.7548387096774190
104.png	5	0.22045220966084300	0.5778225806451610	0.1685508735868450	0.792741935483871
110.jpg	5	0.6392455858747990	0.5859788359788360	0.07704654895666130	0.2156084656084660
110.jpg	5	0.8192215088282500	0.5889550264550270	0.08065810593900480	0.18716931216931200
114.jpg	5	0.9438802083333330	0.7665798611111110	0.09140625	0.16961805555555600
115.jpg	5	0.4397831050228310	0.4319411057692310	0.1158675799086760	0.15534855769230800
118.jpg	5	0.529417456938262	0.4177068214804060	0.13876524095219700	0.2362844702467340
120.jpg	5	0.7672543135783950	0.662515006002401	0.11065266316579100	0.11134453781512600
123.jpg	5	0.725653798256538	0.5816733067729080	0.11481942714819400	0.3939796370075260
124.jpg	5	0.7208312468703050	0.3667111704494880	0.09163745618427640	0.47085002225189100
126.jpg	5	0.8532934131736530	0.6722838137472280	0.09481037924151700	0.33348115299334800
127.jpg	5	0.2527126736111110	0.6474247685185190	0.17252604166666700	0.37876157407407400
19.png	5	0.8698979591836740	0.2117169373549880	0.23596938775510200	0.38167053364269100
2.png	5	0.5056008146639510	0.3010597302504820	0.2576374745417520	0.3670520231213870
20.png	5	0.16201716738197400	0.4309278350515460	0.24248927038626600	0.41649484536082500
21.png	5	0.4862040133779260	0.1893939393939390	0.15301003344481600	0.2024793388429750
26.png	5	0.6615131578947370	0.42569659442724500	0.12171052631578900	0.2724458204334370
29.png	5	0.41696428571428600	0.19397217928902600	0.24642857142857100	0.2472952086553320
32.png	5	0.366025641025641	0.2414075286415710	0.573076923076923	0.3453355155482820
35.png	5	0.7950507614213200	0.4141613924050630	0.2982233502538070	0.5213607594936710
35.png	5	0.5028553299492390	0.31843354430379700	0.2836294416243660	0.5308544303797470
47.png	5	0.3333333333333330	0.8448275862068970	0.13398692810457500	0.27155172413793100
47.png	5	0.060866013071895400	0.5344827586206900	0.0988562091503268	0.2413793103448280
47.png	5	0.8872549019607840	0.23006465517241400	0.0457516339869281	0.16702586206896600
47.png	5	0.7479575163398690	0.08728448275862070	0.04330065359477120	0.11853448275862100
48.png	5	0.04896907216494850	0.11247637051039700	0.05097365406643760	0.1776937618147450
50.png	5	0.5932239057239060	0.40498034076015700	0.1696127946127950	0.22280471821756200
53.png	5	0.7660944206008580	0.30010548523206800	0.034334763948497900	0.31751054852320700
53.png	5	0.12043991416309000	0.23839662447257400	0.1271459227467810	0.17932489451476800
58.png	5	0.7193661971830990	0.3000788643533120	0.25422535211267600	0.21687697160883300
59.png	5	0.7435983827493260	0.3203616352201260	0.2688679245283020	0.24764150943396200
60.png	5	0.26030066815144800	0.3778409090909090	0.08853006681514480	0.17126623376623400
62.png	5	0.17438070404172100	0.20450885668277000	0.19621903520208600	0.10305958132045100
62.png	5	0.3471316818774450	0.3027375201288250	0.11799217731421100	0.1996779388083740
63.png	5	0.707037037037037	0.2235249621785170	0.20074074074074100	0.2700453857791230
65.png	5	0.8618843683083510	0.21897163120567400	0.20556745182012800	0.3599290780141840
65.png	5	0.6683618843683080	0.2296099290780140	0.16862955032119900	0.4237588652482270
70.png	5	0.13593256059009500	0.22959183673469400	0.14963119072708100	0.2857142857142860
74.png	5	0.8362165178571430	0.19374009508716300	0.18805803571428600	0.3193343898573690
77.png	5	0.8737270875763750	0.31354515050167200	0.20366598778004100	0.27424749163879600
82.png	5	0.8324145534729880	0.2838915470494420	0.1819184123484010	0.28708133971291900
83.png	5	0.21468699839486400	0.40664556962025300	0.19341894060995200	0.22626582278481000
9.png	5	0.7879432624113480	0.48284823284823300	0.26099290780141800	0.33783783783783800
1.png	6	0.3380281690140850	0.30615550755939500	0.23943661971831000	0.32937365010799100
10.png	6	0.12126137841352400	0.41377551020408200	0.15929778933680100	0.32346938775510200
100.png	6	0.23125755743651800	0.5516431924882630	0.1977025392986700	0.28325508607198700
102.png	6	0.4344305120167190	0.2619453924914680	0.2711598746081510	0.3532423208191130
109.jpg	6	0.222864768683274	0.5448577680525160	0.2606761565836300	0.7111597374179430
110.jpg	6	0.9123194221508830	0.5914351851851850	0.07704654895666130	0.20667989417989400
114.jpg	6	0.651171875	0.7924479166666670	0.13151041666666700	0.11371527777777800
115.jpg	6	0.719558599695586	0.62109375	0.1385083713850840	0.5066105769230770
119.jpg	6	0.18504190844616400	0.43126128449832300	0.0973565441650548	0.0825380448800619
12.png	6	0.17559523809523800	0.6536082474226800	0.29910714285714300	0.5298969072164950
122.jpg	6	0.19808445798868100	0.26541274817136900	0.17065737919024800	0.07732497387669800
123.jpg	6	0.41494396014944000	0.4772023019034970	0.0921544209215442	0.13457281983178400
124.jpg	6	0.3716825237856790	0.2883845126835780	0.07836755132699050	0.18691588785046700
126.jpg	6	0.46457085828343300	0.5356984478935700	0.08532934131736530	0.11618625277161900
127.jpg	6	0.7230902777777780	0.5978009259259260	0.0	0.0
127.jpg	6	0.7787543402777780	0.6830150462962960	0.111328125	0.17042824074074100
128.jpg	6	0.18016975308642000	0.5421006944444440	0.21566358024691400	0.4777199074074070
13.png	6	0.3435693641618500	0.33170995670995700	0.23771676300578000	0.33225108225108200
16.png	6	0.3043628808864270	0.3458980044345900	0.37465373961218800	0.49002217294900200
2.png	6	0.25814663951120200	0.2596339113680150	0.33095723014256600	0.47109826589595400
23.png	6	0.21291866028708100	0.5223577235772360	0.3141945773524720	0.8387533875338750
25.png	6	0.2013372956909360	0.6371866295264620	0.29569093610698400	0.6754874651810590
26.png	6	0.022697368421052600	0.07430340557275540	0.021710526315789500	0.034055727554179600
26.png	6	0.08355263157894740	0.48993808049535600	0.11315789473684200	0.7879256965944270
36.png	6	0.2894844517184940	0.1506276150627620	0.16407528641571200	0.2733612273361230
37.png	6	0.4060126582278480	0.11954992967651200	0.13354430379746800	0.18424753867791800
38.png	6	0.4240936555891240	0.12124463519313300	0.18202416918429000	0.21387696709585100
39.png	6	0.395628078817734	0.1209563994374120	0.15086206896551700	0.23066104078762300
40.png	6	0.29730617608410000	0.1332312404287900	0.18068331143232600	0.21439509954058200
41.png	6	0.3112403100775190	0.18157076205287700	0.1806201550387600	0.1578538102643860
42.png	6	0.31670224119530400	0.13413793103448300	0.18196371398079000	0.25310344827586200
43.png	6	0.6291920731707320	0.3849462365591400	0.22484756097561000	0.33978494623655900
44.png	6	0.5388681592039800	0.1994336569579290	0.09888059701492540	0.12055016181229800
48.png	6	0.5624284077892330	0.14744801512287300	0.11798396334478800	0.22117202268431000
49.png	6	0.368114406779661	0.15675403225806500	0.263771186440678	0.25705645161290300
50.png	6	0.18413299663299700	0.3348623853211010	0.27314814814814800	0.4888597640891220
52.png	6	0.18893756845564100	0.5099502487562190	0.3647316538882800	0.5157545605306800
53.png	6	0.16067596566523600	0.5247890295358650	0.24839055793991400	0.4272151898734180
64.png	6	0.16253101736972700	0.5759075907590760	0.24317617866005000	0.36468646864686500
7.png	6	0.20182094081942300	0.382387706855792	0.34446130500758700	0.7056737588652480
70.png	6	0.7204952581664910	0.5093537414965990	0.32086406743941000	0.6037414965986390
71.png	6	0.18438914027149300	0.5728	0.33144796380090500	0.8176
73.png	6	0.14820359281437100	0.5426421404682280	0.26407185628742500	0.7876254180602010
88.png	6	0.21540880503144700	0.5153473344103390	0.37295597484276700	0.8933764135702750
9.png	6	0.14609929078014200	0.6086278586278590	0.27092198581560300	0.6683991683991680
1.png	7	0.3779342723004700	0.7413606911447080	0.13145539906103300	0.44168466522678200
10.png	7	0.21261378413524100	0.7862244897959180	0.11573472041612500	0.39081632653061200
100.png	7	0.4159613059250300	0.8008607198748040	0.12575574365175300	0.33724569640062600
101.png	7	0.06758304696449030	0.8111370716510900	0.09965635738831620	0.3543613707165110
102.png	7	0.25992685475444100	0.7636518771331060	0.15830721003134800	0.45733788395904400
103.png	7	0.27258663366336600	0.7534456355283310	0.09591584158415840	0.23124042879019900
105.png	7	0.2540983606557380	0.751675041876047	0.23497267759562800	0.4631490787269680
107.png	7	0.24849094567404400	0.8135792778649920	0.23340040241448700	0.3445839874411300
109.jpg	7	0.42782473309608500	0.6841721371261850	0.0976423487544484	0.43544857768052500
110.jpg	7	0.5188603531300160	0.6319444444444440	0.03089887640449440	0.12367724867724900
111.jpg	7	0.786328125	0.6964892412231030	0.07109375	0.34428086070215200
112.jpg	7	0.76015625	0.7118544600938970	0.1390625	0.3884976525821600
114.jpg	7	0.48723958333333300	0.7489583333333330	0.12291666666666700	0.06041666666666670
114.jpg	7	0.5674479166666670	0.8111979166666670	0.0375	0.06996527777777780
115.jpg	7	0.5899923896499240	0.7472956730769230	0.07039573820395740	0.2704326923076920
117.jpg	7	0.4175779114270090	0.7037538350478250	0.21131765992345500	0.4134632737772970
118.jpg	7	0.8961679891619900	0.655732946298984	0.07412425004838400	0.2931785195936140
119.jpg	7	0.5103159252095420	0.6435388186742330	0.4049000644745330	0.189321640443642
12.png	7	0.4055059523809520	0.7391752577319590	0.12946428571428600	0.43917525773195900
120.jpg	7	0.39478619654913700	0.6716686674669870	0.06864216054013500	0.08403361344537820
122.jpg	7	0.7649107531562910	0.7222222222222220	0.048759251197213800	0.08951584813653780
122.jpg	7	0.22311710927296500	0.3824451410658310	0.027427078798432700	0.05851619644723090
123.jpg	7	0.41818181818181800	0.6967684816290390	0.05031133250311330	0.22310756972111600
124.jpg	7	0.3872058087130700	0.5356030262572320	0.05683525287931900	0.21584334668446800
126.jpg	7	0.56312375249501	0.7662971175166300	0.046906187624750500	0.22261640798226200
127.jpg	7	0.6793619791666670	0.7022569444444440	0.03233506944444450	0.1255787037037040
128.jpg	7	0.27719907407407400	0.6433738425925930	0.07291666666666670	0.30005787037037000
13.png	7	0.5325144508670520	0.6433982683982680	0.10549132947976900	0.3971861471861470
16.png	7	0.5398199445983380	0.6823725055432370	0.11842105263157900	0.46452328159645200
18.png	7	0.6023131672597870	0.7572525597269630	0.32562277580071200	0.38139931740614300
19.png	7	0.8778698979591840	0.7453596287703020	0.06696428571428570	0.41647331786542900
2.png	7	0.6038696537678210	0.8328516377649330	0.1364562118126270	0.31888246628131000
20.png	7	0.36909871244635200	0.743298969072165	0.11015736766809700	0.43711340206185600
21.png	7	0.2044314381270900	0.6976584022038570	0.112876254180602	0.4972451790633610
23.png	7	0.4665071770334930	0.6456639566395660	0.13078149920255200	0.6111111111111110
24.png	7	0.13590342679127700	0.7124485596707820	0.15031152647975100	0.5380658436213990
25.png	7	0.4197622585438340	0.7103064066852370	0.1025260029717680	0.49303621169916400
26.png	7	0.22861842105263200	0.7360681114551080	0.034868421052631600	0.39473684210526300
3.png	7	0.838903743315508	0.811698717948718	0.24197860962566800	0.3541666666666670
33.png	7	0.8926974664679580	0.8394568690095850	0.12518628912071500	0.305111821086262
36.png	7	0.47381342062193100	0.545676429567643	0.04828150572831420	0.19735006973500700
4.png	7	0.8396892655367230	0.7764505119453930	0.2274011299435030	0.39590443686006800
42.png	7	0.4597118463180360	0.6479310344827590	0.08271077908217720	0.2489655172413790
48.png	7	0.5993699885452460	0.444234404536862	0.05555555555555560	0.16446124763705100
5.png	7	0.652970297029703	0.76611328125	0.1495049504950500	0.4443359375
50.png	7	0.30934343434343400	0.6631716906946260	0.0	0.0
50.png	7	0.27714646464646500	0.7899737876802100	0.07954545454545450	0.41743119266055000
52.png	7	0.32886089813800700	0.7653399668325040	0.08817086527929900	0.3996683250414590
53.png	7	0.2886266094420600	0.7784810126582280	0.07939914163090130	0.40717299578059100
55.png	7	0.6318134171907760	0.7843383584589620	0.08857442348008390	0.3525963149078730
56.png	7	0.1942622950819670	0.7779937791601870	0.1377049180327870	0.4237947122861590
57.png	7	0.23108108108108100	0.7672684458398740	0.10810810810810800	0.4152276295133440
58.png	7	0.8651408450704230	0.7752365930599370	0.10633802816901400	0.4116719242902210
59.png	7	0.8773584905660380	0.7818396226415090	0.10107816711590300	0.4080188679245280
6.png	7	0.4716024340770790	0.8016409266409270	0.15821501014198800	0.33494208494208500
60.png	7	0.15116926503340800	0.8015422077922080	0.08296213808463250	0.38392857142857100
61.png	7	0.07349537037037040	0.7262895174708820	0.10648148148148100	0.47088186356073200
62.png	7	0.24511082138200800	0.8087761674718200	0.08083441981747070	0.33413848631239900
64.png	7	0.2782258064516130	0.7660891089108910	0.07382133995037220	0.283003300330033
67.png	7	0.15746268656716400	0.7959726443769000	0.14029850746268700	0.3731003039513680
69.png	7	0.2239425981873110	0.7380573248407640	0.1351963746223570	0.4394904458598730
7.png	7	0.37025796661608500	0.6542553191489360	0.13353566009104700	0.45508274231678500
72.png	7	0.20796783625731000	0.7753510140405620	0.1615497076023390	0.4165366614664590
73.png	7	0.39251497005988000	0.7767558528428090	0.09161676646706590	0.3979933110367890
74.png	7	0.9308035714285710	0.7254358161648180	0.11272321428571400	0.4968304278922350
76.png	7	0.2468905472636820	0.7451923076923080	0.13681592039801000	0.4423076923076920
77.png	7	0.056517311608961300	0.7608695652173910	0.09674134419551930	0.44481605351170600
78.png	7	0.8644200626959250	0.8000910746812390	0.109717868338558	0.34153005464480900
8.png	7	0.8168316831683170	0.8182565789473690	0.1782178217821780	0.31085526315789500
80.png	7	0.0889937106918239	0.8251533742331290	0.11132075471698100	0.34049079754601200
81.png	7	0.8430962343096230	0.7823208722741430	0.12133891213389100	0.4057632398753890
82.png	7	0.10859977949283400	0.817384370015949	0.09922822491730980	0.3444976076555020
83.png	7	0.8274478330658110	0.8022151898734180	0.14446227929374000	0.3829113924050630
85.png	7	0.24886535552193600	0.8158705701078580	0.10741301059001500	0.349768875192604
87.png	7	0.6746828752642710	0.8174398625429550	0.08298097251585620	0.2981099656357390
88.png	7	0.47044025157232700	0.7386914378029080	0.12075471698113200	0.43537964458804500
89.png	7	0.8158536585365850	0.9930555555555560	0.0	0.0
89.png	7	0.7640243902439030	0.8032407407407410	0.1024390243902440	0.375
9.png	7	0.1478723404255320	0.7827442827442830	0.10283687943262400	0.3887733887733890
90.png	7	0.14576271186440700	0.840393343419062	0.11864406779661000	0.3040847201210290
91.png	7	0.15620957309185000	0.8130804953560370	0.09249676584734800	0.35526315789473700
92.png	7	0.867310443490701	0.8154952076677320	0.09656652360515020	0.3450479233226840
93.png	7	0.9697075208913650	0.8003246753246750	0.05222841225626740	0.37337662337662300
95.png	7	0.87882096069869	0.7807632398753890	0.1146288209606990	0.3605919003115270
97.png	7	0.16009719222462200	0.8316563467492260	0.09341252699784020	0.31191950464396300
99.png	7	0.029517453798768000	0.7352195945945950	0.05082135523613960	0.49915540540540500
